# Number of SNPs: 
966983
# Number of rs identifiers: 
956734
# Number of internal identifiers: 
10249
# Number of no-calls: 
7454
# Number of SNPs per chromosome (total number of snps, number of rsid, 	number of iid, number of no-call genotypes): 
20 23923  23758  165  79
21 13470  13374  96  46
22 14246  13998  248  119
1 77230  76510  720  322
3 63523  63078  445  211
2 77691  77191  500  278
5 56269  55985  284  204
4 55302  55030  272  218
7 51291  50901  390  255
6 63604  63269  335  320
9 43147  42868  279  128
8 49422  49198  224  173
Y 3488  3219  269  3488
X 26087  25160  927  107
11 48121  47566  555  183
10 50516  50195  321  195
13 36210  36067  143  104
12 47334  46964  370  188
15 28530  28290  240  113
14 30921  30724  197  89
17 26898  26511  387  154
16 30293  30047  246  139
19 18670  18341  329  120
18 28060  27937  123  66
MT 2737  553  2184  155
